1,1,124.02,333.52,131.69,59.379999999999995,1,1,1.0
1,2,734.26,266.38,71.44000000000005,37.870000000000005,1,1,1.0
1,3,210.26,250.65,94.26999999999998,40.70000000000002,1,1,1.0
2,1,99.27,337.39,134.06,59.81,1,1,1.0
2,2,720.2,268.1,72.87,38.73999999999995,1,1,1.0
2,3,210.26,250.73,94.26999999999998,40.690000000000026,1,1,1.0
3,1,74.51,341.26,136.44,60.24000000000001,1,1,1.0
3,2,706.14,269.82,74.28999999999996,39.60000000000002,1,1,1.0
3,3,210.26,250.81,94.26999999999998,40.670000000000016,1,1,1.0
4,1,49.76,345.14,138.82000000000002,60.660000000000025,1,1,1.0
4,2,692.08,271.55,75.71999999999991,40.44999999999999,1,1,1.0
4,3,210.26,250.89,94.26999999999998,40.660000000000025,1,1,1.0
5,1,25.0,349.01,141.2,61.09000000000003,1,1,1.0
5,2,678.03,273.55,76.57000000000005,40.45999999999998,1,1,1.0
5,3,210.26,250.97,94.26999999999998,40.640000000000015,1,1,1.0
6,1,0.0,352.45,143.53,62.81999999999999,1,1,1.0
6,2,663.97,275.56,77.42999999999995,40.45999999999998,1,1,1.0
6,3,210.26,251.05,94.26999999999998,40.629999999999995,1,1,1.0
7,1,0.0,355.9,120.87,64.53000000000003,1,1,1.0
7,2,649.91,277.57,78.29000000000008,40.44999999999999,1,1,1.0
7,3,210.26,251.13,94.26999999999998,40.610000000000014,1,1,1.0
8,1,0.0,359.34,98.2,66.26000000000005,1,1,1.0
8,2,634.42,279.29,79.75,41.329999999999984,1,1,1.0
8,3,210.26,251.22,94.26999999999998,40.58000000000001,1,1,1.0
9,1,0.0,362.78,73.65,63.27000000000004,1,1,1.0
9,2,618.93,281.01,81.20000000000005,42.19999999999999,1,1,1.0
9,3,210.26,251.3,94.26999999999998,40.56999999999999,1,1,1.0
10,2,603.43,282.73,82.67000000000007,43.06999999999999,1,1,1.0
10,3,210.26,251.38,94.26999999999998,40.55000000000001,1,1,1.0
11,2,588.37,284.46,83.52999999999997,44.14000000000004,1,1,1.0
11,3,210.26,251.46,94.26999999999998,40.53999999999999,1,1,1.0
12,2,573.31,286.18,84.3900000000001,45.21999999999997,1,1,1.0
12,3,210.26,251.54,94.26999999999998,40.52000000000001,1,1,1.0
13,2,558.25,287.9,85.25,46.30000000000001,1,1,1.0
13,3,210.26,251.62,94.26999999999998,40.50999999999999,1,1,1.0
14,2,543.18,289.62,86.12,47.379999999999995,1,1,1.0
14,3,210.26,251.7,94.26999999999998,40.49000000000001,1,1,1.0
15,2,526.83,291.34,88.71999999999991,49.51000000000005,1,1,1.0
15,3,210.26,251.78,94.26999999999998,40.47,1,1,1.0
16,2,510.48,293.06,91.31999999999994,51.639999999999986,1,1,1.0
16,3,210.26,251.86,94.26999999999998,40.45999999999998,1,1,1.0
17,2,492.98,295.93,93.04999999999995,51.94,1,1,1.0
17,3,210.26,251.95,94.26999999999998,40.43000000000001,1,1,1.0
18,2,475.48,298.8,94.78999999999996,52.22999999999996,1,1,1.0
18,3,210.26,252.03,94.26999999999998,40.41999999999999,1,1,1.0
19,2,457.97,301.67,96.52999999999997,52.52999999999997,1,1,1.0
19,3,210.26,252.11,94.26999999999998,40.39999999999998,1,1,1.0
20,2,440.33,304.47,98.02000000000004,53.17999999999995,1,1,1.0
20,3,210.26,252.19,94.26999999999998,40.389999999999986,1,1,1.0
21,2,422.69,307.26,99.51000000000005,53.84000000000003,1,1,1.0
21,3,210.26,252.27,94.26999999999998,40.369999999999976,1,1,1.0
22,2,405.04,310.06,101.00999999999999,54.49000000000001,1,1,1.0
22,3,210.26,252.35,94.26999999999998,40.349999999999994,1,1,1.0
23,2,387.4,312.86,102.5,55.139999999999986,1,1,1.0
23,3,210.26,252.43,94.26999999999998,40.339999999999975,1,1,1.0
24,2,367.43,316.13,104.90999999999997,56.50999999999999,1,1,1.0
24,3,210.26,252.51,94.26999999999998,40.31999999999999,1,1,1.0
25,2,347.46,319.4,107.32,57.879999999999995,1,1,1.0
25,3,210.26,252.59,94.26999999999998,40.309999999999974,1,1,1.0
26,2,327.49,322.66,109.73000000000002,59.25999999999999,1,1,1.0
26,3,210.26,252.68,94.26999999999998,40.27999999999997,1,1,1.0
27,2,307.52,325.93,112.14000000000004,60.629999999999995,1,1,1.0
27,3,210.26,252.76,94.26999999999998,40.26999999999998,1,1,1.0
28,2,287.56,329.2,114.54000000000002,62.0,1,1,1.0
28,3,210.26,252.84,94.26999999999998,40.24999999999997,1,1,1.0
29,2,265.35,332.47,117.46999999999997,63.20999999999998,1,1,1.0
29,3,210.26,252.92,94.26999999999998,40.22999999999999,1,1,1.0
30,2,243.14,335.74,120.40000000000003,64.42000000000002,1,1,1.0
30,3,210.26,253.0,94.26999999999998,40.22000000000003,1,1,1.0
31,2,220.94,339.01,123.32,65.63,1,1,1.0
31,3,210.26,253.08,94.26999999999998,40.19999999999996,1,1,1.0
32,2,198.73,342.28,126.25000000000003,66.84000000000003,1,1,1.0
32,3,210.26,253.16,94.26999999999998,40.190000000000026,1,1,1.0
33,2,176.53,345.55,129.17,68.05000000000001,1,1,1.0
33,3,210.26,253.24,94.26999999999998,40.170000000000016,1,1,1.0
34,2,150.27,350.29,133.75999999999996,69.63,1,1,1.0
34,3,210.26,253.32,94.26999999999998,40.160000000000025,1,1,1.0
35,2,124.02,355.04,138.35000000000002,71.19,1,1,1.0
35,3,210.26,253.4,94.26999999999998,40.140000000000015,1,1,1.0
36,2,97.76,359.78,142.94,72.77000000000004,1,1,1.0
36,3,210.26,253.49,94.26999999999998,40.120000000000005,1,1,1.0
37,2,71.51,364.52,147.51999999999998,74.35000000000002,1,1,1.0
37,3,210.26,253.57,94.26999999999998,40.10000000000002,1,1,1.0
38,2,45.25,369.26,152.12,75.92000000000002,1,1,1.0
38,3,210.26,253.65,94.26999999999998,40.08000000000001,1,1,1.0
39,2,19.0,374.0,156.7,77.5,1,1,1.0
39,3,210.26,253.73,94.26999999999998,40.07000000000002,1,1,1.0
40,2,9.5,379.16,141.25,77.5,1,1,1.0
40,3,210.26,253.81,94.26999999999998,40.05000000000001,1,1,1.0
41,2,0.0,384.33,125.8,77.5,1,1,1.0
41,3,210.26,253.89,94.26999999999998,40.04000000000002,1,1,1.0
42,2,0.0,386.91,100.85,74.5,1,1,1.0
42,3,210.26,253.97,94.26999999999998,40.02000000000001,1,1,1.0
43,3,210.26,254.05,94.26999999999998,40.00999999999999,1,1,1.0
44,3,210.26,254.13,94.26999999999998,39.99000000000001,1,1,1.0
45,3,210.26,254.22,94.26999999999998,39.96000000000001,1,1,1.0
46,3,210.26,254.3,94.26999999999998,39.94999999999999,1,1,1.0
47,3,210.26,254.38,94.26999999999998,39.93000000000001,1,1,1.0
48,3,210.26,254.46,94.26999999999998,39.91999999999999,1,1,1.0
49,3,210.26,254.54,94.26999999999998,39.900000000000006,1,1,1.0
50,3,210.26,254.62,94.26999999999998,39.889999999999986,1,1,1.0
51,3,210.26,254.7,94.26999999999998,39.870000000000005,1,1,1.0
52,3,210.26,254.78,94.26999999999998,39.849999999999994,1,1,1.0
53,3,210.26,254.86,94.26999999999998,39.839999999999975,1,1,1.0
54,3,210.26,254.95,94.26999999999998,39.81,1,1,1.0
55,3,210.26,255.03,94.26999999999998,39.79999999999998,1,1,1.0
56,3,210.26,255.11,94.26999999999998,39.77999999999997,1,1,1.0
57,3,210.26,255.19,94.26999999999998,39.76999999999998,1,1,1.0
58,3,210.26,255.27,94.26999999999998,39.74999999999997,1,1,1.0
59,3,210.26,255.35,94.26999999999998,39.73999999999998,1,1,1.0
60,3,210.26,255.43,94.26999999999998,39.71999999999997,1,1,1.0
61,3,210.26,255.51,94.26999999999998,39.69999999999999,1,1,1.0
62,3,210.26,255.59,94.26999999999998,39.68999999999997,1,1,1.0
63,3,210.26,255.68,94.26999999999998,39.65999999999997,1,1,1.0
64,4,893.7,227.08,66.29999999999995,76.05999999999997,1,1,1.0
64,5,888.33,245.29,27.84999999999991,31.07000000000002,1,1,1.0
64,3,210.26,255.76,94.26999999999998,39.650000000000034,1,1,1.0
65,4,886.58,227.52,73.41999999999996,77.06999999999996,1,1,1.0
65,5,881.37,246.18,30.16999999999996,30.879999999999995,1,1,1.0
65,3,210.26,255.84,94.26999999999998,39.630000000000024,1,1,1.0
66,4,879.46,227.97,80.53999999999996,78.07000000000002,1,1,1.0
66,5,874.41,247.08,32.48000000000002,30.68999999999997,1,1,1.0
66,3,210.26,255.92,94.26999999999998,39.62000000000003,1,1,1.0
67,4,872.34,228.41,87.65999999999997,79.08000000000001,1,1,1.0
67,5,867.44,247.97,34.799999999999955,30.51000000000002,1,1,1.0
67,3,210.26,256.0,94.26999999999998,39.60000000000002,1,1,1.0
68,4,865.22,228.85,94.77999999999997,80.09,1,1,1.0
68,5,860.48,248.86,37.110000000000014,30.329999999999984,1,1,1.0
68,3,210.26,255.92,94.26999999999998,39.76000000000002,1,1,1.0
69,4,858.1,229.29,101.89999999999998,81.1,1,1,1.0
69,5,853.52,249.76,39.430000000000064,30.129999999999995,1,1,1.0
69,3,210.26,255.84,94.26999999999998,39.91999999999999,1,1,1.0
70,4,850.98,229.73,109.01999999999998,82.10999999999999,1,1,1.0
70,5,846.56,250.65,41.74000000000001,29.950000000000017,1,1,1.0
70,3,210.26,255.76,94.26999999999998,40.079999999999984,1,1,1.0
71,4,843.86,230.18,116.13999999999999,83.11000000000001,1,1,1.0
71,5,839.27,251.08,41.75,29.52000000000001,1,1,1.0
71,3,210.26,255.68,94.26999999999998,40.24000000000001,1,1,1.0
72,4,836.74,230.62,123.25999999999999,84.12,1,1,1.0
72,5,831.99,251.51,41.74000000000001,29.090000000000032,1,1,1.0
72,3,210.26,255.6,94.26999999999998,40.400000000000006,1,1,1.0
73,4,829.62,231.06,130.38,85.13,1,1,1.0
73,5,824.7,251.94,41.75,28.660000000000025,1,1,1.0
73,3,210.26,255.52,94.26999999999998,40.559999999999974,1,1,1.0
74,4,822.5,231.5,137.5,86.13999999999999,1,1,1.0
74,5,817.42,252.37,41.74000000000001,28.230000000000018,1,1,1.0
74,3,210.26,255.44,94.26999999999998,40.72000000000003,1,1,1.0
75,4,815.38,231.95,144.62,87.13999999999999,1,1,1.0
75,5,810.14,252.8,41.74000000000001,27.80000000000001,1,1,1.0
75,3,210.26,255.36,94.26999999999998,40.879999999999995,1,1,1.0
76,4,808.26,232.39,151.74,88.16000000000003,1,1,1.0
76,5,800.49,254.3,41.75,27.80000000000001,1,1,1.0
76,3,210.26,255.28,94.26999999999998,41.03999999999999,1,1,1.0
77,4,801.14,232.83,158.86,89.16999999999999,1,1,1.0
77,5,790.85,255.8,41.75,27.80000000000001,1,1,1.0
77,3,210.26,255.2,94.26999999999998,41.19999999999999,1,1,1.0
78,4,794.01,233.27,165.99,90.17999999999998,1,1,1.0
78,5,781.21,257.3,41.75,27.80000000000001,1,1,1.0
78,3,210.26,255.12,94.26999999999998,41.360000000000014,1,1,1.0
79,4,786.89,233.71,167.40999999999997,91.18999999999997,1,1,1.0
79,5,771.57,258.8,41.75,27.80000000000001,1,1,1.0
79,6,947.25,234.58,12.75,35.349999999999994,1,1,1.0
79,3,210.26,255.04,94.26999999999998,41.52000000000001,1,1,1.0
80,4,779.77,234.16,168.43000000000006,92.19000000000003,1,1,1.0
80,5,761.93,260.3,41.75,27.80000000000001,1,1,1.0
80,6,936.32,235.44,17.899999999999977,34.28000000000003,1,1,1.0
80,3,210.26,254.96,94.26999999999998,41.67999999999998,1,1,1.0
81,4,772.65,234.6,169.14999999999998,93.20000000000002,1,1,1.0
81,5,751.76,260.83,41.74000000000001,27.80000000000001,1,1,1.0
81,6,925.39,236.31,23.050000000000068,33.20999999999998,1,1,1.0
81,3,210.26,254.88,94.26999999999998,41.84000000000003,1,1,1.0
82,4,762.8,235.46,173.10000000000002,94.97999999999999,1,1,1.0
82,5,741.58,261.37,41.74000000000001,27.80000000000001,1,1,1.0
82,6,914.46,237.17,28.199999999999932,32.140000000000015,1,1,1.0
82,3,210.26,254.8,94.26999999999998,42.0,1,1,1.0
83,4,752.94,236.32,177.05999999999995,96.75999999999999,1,1,1.0
83,5,731.4,261.9,41.75,27.80000000000001,1,1,1.0
83,6,903.53,238.04,33.35000000000002,31.07000000000002,1,1,1.0
83,3,210.26,254.78,94.26999999999998,41.940000000000026,1,1,1.0
84,4,743.09,237.18,181.01,98.54000000000002,1,1,1.0
84,5,721.23,262.44,41.74000000000001,27.80000000000001,1,1,1.0
84,6,892.6,238.9,38.5,29.99999999999997,1,1,1.0
84,3,210.26,254.75,94.26999999999998,41.89999999999998,1,1,1.0
85,4,733.23,238.04,184.97000000000003,100.32000000000002,1,1,1.0
85,5,710.34,262.98,42.26999999999998,28.149999999999977,1,1,1.0
85,6,886.38,239.33,38.940000000000055,30.849999999999994,1,1,1.0
85,3,210.26,254.73,94.26999999999998,41.84,1,1,1.0
86,4,723.38,238.9,187.81000000000006,102.1,1,1,1.0
86,5,699.44,263.53,42.809999999999945,28.5,1,1,1.0
86,6,880.16,239.76,39.370000000000005,31.69999999999999,1,1,1.0
86,3,210.26,254.71,94.26999999999998,41.78,1,1,1.0
87,4,713.52,239.76,190.65999999999997,103.88,1,1,1.0
87,5,688.55,264.07,43.33000000000004,28.850000000000023,1,1,1.0
87,6,873.94,240.19,39.809999999999945,32.55000000000001,1,1,1.0
87,3,210.26,254.68,94.26999999999998,41.74000000000001,1,1,1.0
88,4,703.67,240.62,193.5,105.65999999999997,1,1,1.0
88,5,677.66,264.61,43.860000000000014,29.19999999999999,1,1,1.0
88,6,867.72,240.61,40.24000000000001,33.40999999999997,1,1,1.0
88,3,210.26,254.66,94.26999999999998,41.67999999999998,1,1,1.0
89,4,693.81,241.48,196.35000000000002,107.44000000000003,1,1,1.0
89,5,666.77,265.16,44.389999999999986,29.539999999999964,1,1,1.0
89,6,861.5,241.04,40.67999999999995,34.26000000000002,1,1,1.0
89,3,210.26,254.64,94.26999999999998,41.629999999999995,1,1,1.0
90,4,683.96,242.34,199.18999999999994,109.22,1,1,1.0
90,5,655.88,265.7,44.91999999999996,29.900000000000034,1,1,1.0
90,6,852.18,241.58,41.860000000000014,34.47,1,1,1.0
90,3,210.26,254.61,94.26999999999998,41.579999999999984,1,1,1.0
91,4,674.1,243.2,202.04999999999995,111.0,1,1,1.0
91,5,642.76,265.7,51.34000000000003,30.970000000000027,1,1,1.0
91,6,842.86,242.11,43.02999999999997,34.69,1,1,1.0
91,3,210.26,254.59,94.26999999999998,41.52000000000001,1,1,1.0
92,4,664.25,244.06,204.89,112.77999999999997,1,1,1.0
92,5,629.64,265.7,57.75999999999999,32.05000000000001,1,1,1.0
92,6,833.54,242.65,44.210000000000036,34.900000000000006,1,1,1.0
92,3,210.26,254.56,94.26999999999998,41.48000000000002,1,1,1.0
93,4,654.39,244.92,207.74,114.56000000000003,1,1,1.0
93,5,616.52,265.7,64.18000000000006,33.120000000000005,1,1,1.0
93,6,824.22,243.19,45.389999999999986,35.110000000000014,1,1,1.0
93,3,210.26,254.54,94.26999999999998,41.41999999999999,1,1,1.0
94,4,644.54,245.78,210.58000000000004,116.34,1,1,1.0
94,5,603.39,265.7,70.61000000000001,34.19999999999999,1,1,1.0
94,6,814.9,243.72,46.57000000000005,35.33000000000001,1,1,1.0
94,3,210.26,254.52,94.26999999999998,41.359999999999985,1,1,1.0
95,4,634.68,246.64,213.43000000000006,118.12,1,1,1.0
95,5,591.61,266.56,73.61000000000001,34.19999999999999,1,1,1.0
95,6,805.58,244.26,47.75,35.54000000000002,1,1,1.0
95,3,210.26,254.49,94.26999999999998,41.31999999999999,1,1,1.0
96,4,624.83,247.5,216.26999999999998,119.89999999999998,1,1,1.0
96,5,579.83,267.41,76.61000000000001,34.19999999999999,1,1,1.0
96,6,796.26,244.79,48.930000000000064,35.76000000000002,1,1,1.0
96,3,210.26,254.47,94.26999999999998,41.26000000000002,1,1,1.0
97,4,611.07,249.07,222.18999999999994,122.04000000000002,1,1,1.0
97,5,568.04,268.27,79.62,34.200000000000045,1,1,1.0
97,6,786.94,245.33,50.1099999999999,35.97,1,1,1.0
97,3,210.26,254.45,94.26999999999998,41.210000000000036,1,1,1.0
98,4,597.31,250.64,228.11,124.18,1,1,1.0
98,5,556.26,269.13,82.62,34.19999999999999,1,1,1.0
98,6,777.62,245.86,51.289999999999964,36.19,1,1,1.0
98,3,210.26,254.42,94.26999999999998,41.16,1,1,1.0
99,4,583.55,252.21,234.0300000000001,126.30999999999997,1,1,1.0
99,5,544.48,269.98,85.62,34.19999999999999,1,1,1.0
99,6,768.3,246.4,52.47000000000003,36.400000000000006,1,1,1.0
99,3,210.26,254.4,94.26999999999998,41.099999999999994,1,1,1.0
100,4,569.79,253.78,239.95000000000005,128.45000000000002,1,1,1.0
100,5,530.19,270.58,86.92999999999995,34.19999999999999,1,1,1.0
100,6,755.02,247.15,56.0,36.28999999999999,1,1,1.0
100,3,210.26,254.37,94.26999999999998,41.06,1,1,1.0
101,4,556.02,255.35,245.88,130.59,1,1,1.0
101,5,515.91,271.17,88.23000000000002,34.19999999999999,1,1,1.0
101,6,741.74,247.9,59.52999999999997,36.17999999999998,1,1,1.0
101,3,210.26,254.35,94.26999999999998,41.00000000000003,1,1,1.0
102,4,542.26,256.91,250.75,132.73999999999995,1,1,1.0
102,5,501.63,271.77,89.53999999999996,34.200000000000045,1,1,1.0
102,6,728.46,248.65,63.059999999999945,36.07000000000002,1,1,1.0
102,3,210.26,254.33,94.26999999999998,40.93999999999997,1,1,1.0
103,4,528.5,258.48,255.63,134.88,1,1,1.0
103,5,487.35,272.37,90.84000000000003,34.19,1,1,1.0
103,6,715.18,249.4,66.59000000000003,35.96000000000001,1,1,1.0
103,3,210.26,254.3,94.26999999999998,40.89999999999998,1,1,1.0
104,4,514.74,260.05,260.5,137.01,1,1,1.0
104,5,473.06,272.96,92.15000000000003,34.200000000000045,1,1,1.0
104,6,701.9,250.15,70.13,35.849999999999994,1,1,1.0
104,3,210.26,254.28,94.26999999999998,40.84,1,1,1.0
105,4,500.98,261.62,265.37,139.14999999999998,1,1,1.0
105,5,458.78,273.56,93.45000000000005,34.19999999999999,1,1,1.0
105,6,688.62,250.9,73.65999999999997,35.73999999999998,1,1,1.0
105,3,210.26,254.26,94.26999999999998,40.78000000000003,1,1,1.0
106,4,487.22,263.19,270.24,141.29000000000002,1,1,1.0
106,5,444.5,274.15,94.75999999999999,34.200000000000045,1,1,1.0
106,6,675.34,251.65,77.18999999999994,35.62999999999997,1,1,1.0
106,3,210.26,254.23,94.26999999999998,40.74000000000004,1,1,1.0
107,4,473.46,264.76,275.12000000000006,143.43,1,1,1.0
107,5,430.22,274.75,96.05999999999995,34.19999999999999,1,1,1.0
107,6,662.06,252.4,80.72000000000003,35.52000000000001,1,1,1.0
107,3,210.26,254.21,94.26999999999998,40.67999999999998,1,1,1.0
108,4,459.7,266.33,279.99000000000007,145.57,1,1,1.0
108,5,415.93,275.34,97.36999999999995,34.200000000000045,1,1,1.0
108,6,648.78,253.15,84.25,35.41,1,1,1.0
108,3,210.26,254.19,94.26999999999998,40.629999999999995,1,1,1.0
109,4,445.94,267.9,284.85999999999996,147.70000000000005,1,1,1.0
109,5,401.04,276.2,98.44,34.52000000000004,1,1,1.0
109,6,635.5,253.9,87.78999999999996,35.29999999999998,1,1,1.0
109,3,210.26,254.16,94.26999999999998,40.58000000000001,1,1,1.0
110,4,426.66,269.88,293.31,150.92000000000002,1,1,1.0
110,5,386.15,277.05,99.51000000000005,34.849999999999966,1,1,1.0
110,6,621.58,254.57,89.25,35.829999999999984,1,1,1.0
110,3,210.26,254.14,94.26999999999998,40.52000000000004,1,1,1.0
111,4,407.37,271.85,301.76,154.14,1,1,1.0
111,5,371.26,277.91,100.57999999999998,35.16999999999996,1,1,1.0
111,6,607.65,255.24,90.73000000000002,36.360000000000014,1,1,1.0
111,3,210.26,254.11,94.26999999999998,40.47999999999996,1,1,1.0
112,4,388.09,273.83,310.21,157.35000000000002,1,1,1.0
112,5,356.37,278.76,101.64999999999998,35.49000000000001,1,1,1.0
112,6,593.73,255.91,92.19999999999993,36.890000000000015,1,1,1.0
112,7,918.33,214.23,41.66999999999996,56.77000000000001,1,1,1.0
112,3,210.26,254.09,94.26999999999998,40.41999999999999,1,1,1.0
113,4,368.81,275.81,318.66,160.56,1,1,1.0
113,5,341.48,279.62,102.71999999999997,35.81,1,1,1.0
113,6,579.8,256.58,93.67000000000007,37.420000000000016,1,1,1.0
113,7,913.51,214.66,46.49000000000001,56.97999999999999,1,1,1.0
113,3,210.26,254.07,94.26999999999998,40.360000000000014,1,1,1.0
114,4,349.53,277.78,327.1,163.78000000000003,1,1,1.0
114,5,326.59,280.48,103.79000000000002,36.129999999999995,1,1,1.0
114,6,565.88,257.25,95.13999999999999,37.94999999999999,1,1,1.0
114,7,908.69,215.1,51.309999999999945,57.190000000000026,1,1,1.0
114,3,210.26,254.04,94.26999999999998,40.32000000000002,1,1,1.0
115,4,330.25,279.76,335.54999999999995,166.99,1,1,1.0
115,5,311.71,281.33,104.85000000000002,36.460000000000036,1,1,1.0
115,6,551.95,257.91,96.62,38.48999999999995,1,1,1.0
115,7,903.87,215.54,56.129999999999995,57.390000000000015,1,1,1.0
115,3,210.26,254.02,94.26999999999998,40.25999999999996,1,1,1.0
116,4,310.97,281.74,343.0,170.2,1,1,1.0
116,5,296.82,282.19,105.92000000000002,36.78000000000003,1,1,1.0
116,6,538.03,258.58,98.09000000000003,39.02000000000004,1,1,1.0
116,7,899.05,215.98,60.950000000000045,57.59,1,1,1.0
116,3,210.26,254.0,94.26999999999998,40.20999999999998,1,1,1.0
117,4,291.68,283.72,350.46,173.40999999999997,1,1,1.0
117,5,281.93,283.04,106.99000000000001,37.10999999999996,1,1,1.0
117,6,524.1,259.25,99.55999999999995,39.55000000000001,1,1,1.0
117,7,894.22,216.41,65.77999999999997,57.79999999999998,1,1,1.0
117,3,210.26,253.97,94.26999999999998,40.16,1,1,1.0
118,4,272.4,285.69,357.90999999999997,176.63,1,1,1.0
118,5,267.04,283.9,108.06,37.420000000000016,1,1,1.0
118,6,509.42,260.22,101.18,39.96999999999997,1,1,1.0
118,7,889.4,216.85,70.60000000000002,58.01000000000002,1,1,1.0
118,3,210.26,253.95,94.26999999999998,40.10000000000002,1,1,1.0
119,4,253.12,287.67,365.37,179.84999999999997,1,1,1.0
119,5,250.33,285.29,109.12999999999997,37.849999999999966,1,1,1.0
119,6,494.74,261.18,102.78999999999996,40.39999999999998,1,1,1.0
119,7,884.58,217.29,71.14999999999998,58.21000000000001,1,1,1.0
119,3,210.26,253.92,94.26999999999998,40.06000000000003,1,1,1.0
120,4,233.84,289.65,372.81999999999994,183.06,1,1,1.0
120,5,233.61,286.68,110.20999999999998,38.29000000000002,1,1,1.0
120,6,480.06,262.15,104.40000000000003,40.82000000000005,1,1,1.0
120,7,879.76,217.73,71.69000000000005,58.41,1,1,1.0
120,3,210.26,253.9,94.26999999999998,39.99999999999997,1,1,1.0
121,4,214.56,291.62,380.27000000000004,186.27999999999997,1,1,1.0
121,5,216.9,288.07,111.28,38.72000000000003,1,1,1.0
121,6,465.38,263.11,106.00999999999999,41.25,1,1,1.0
121,7,874.94,218.16,72.2399999999999,58.619999999999976,1,1,1.0
121,3,210.26,253.67,94.26999999999998,40.05000000000004,1,1,1.0
122,4,195.28,293.6,387.72,189.48999999999995,1,1,1.0
122,5,200.19,289.46,112.35000000000002,39.150000000000034,1,1,1.0
122,6,450.7,264.07,107.62000000000006,41.68000000000001,1,1,1.0
122,7,870.12,218.6,72.77999999999997,58.83000000000001,1,1,1.0
122,3,210.26,253.44,94.26999999999998,40.10000000000002,1,1,1.0
123,4,169.27,296.05,399.96000000000004,194.07999999999998,1,1,1.0
123,5,183.48,290.85,113.41999999999999,39.579999999999984,1,1,1.0
123,6,436.02,265.04,109.23000000000002,42.099999999999966,1,1,1.0
123,7,864.05,218.87,73.94000000000005,59.44999999999999,1,1,1.0
123,3,210.26,253.2,94.26999999999998,40.150000000000034,1,1,1.0
124,4,143.26,298.5,412.19000000000005,198.68,1,1,1.0
124,5,166.77,292.24,114.48999999999998,40.00999999999999,1,1,1.0
124,6,421.34,266.0,110.83999999999997,42.52999999999997,1,1,1.0
124,7,857.98,219.13,75.10000000000002,60.079999999999984,1,1,1.0
124,3,210.26,252.97,94.26999999999998,40.20000000000002,1,1,1.0
125,4,117.24,300.95,424.43999999999994,203.27000000000004,1,1,1.0
125,5,150.06,293.63,115.56,40.44,1,1,1.0
125,6,406.66,266.97,112.44999999999999,42.94999999999999,1,1,1.0
125,7,851.91,219.4,76.26999999999998,60.71000000000001,1,1,1.0
125,3,210.26,252.74,94.26999999999998,40.25,1,1,1.0
126,4,91.23,303.39,436.67999999999995,207.88,1,1,1.0
126,5,133.35,295.02,116.63,40.870000000000005,1,1,1.0
126,6,391.98,267.93,114.07,43.379999999999995,1,1,1.0
126,7,845.84,219.67,77.42999999999995,61.33000000000001,1,1,1.0
126,3,210.26,252.51,94.26999999999998,40.30000000000001,1,1,1.0
127,4,65.22,305.84,448.91999999999996,212.46999999999997,1,1,1.0
127,5,116.64,296.41,117.7,41.299999999999955,1,1,1.0
127,6,377.3,268.9,115.68,43.80000000000001,1,1,1.0
127,7,839.77,219.93,78.59000000000003,61.95999999999998,1,1,1.0
127,3,210.26,252.27,94.26999999999998,40.359999999999985,1,1,1.0
128,4,39.21,308.29,461.15000000000003,217.07,1,1,1.0
128,5,99.93,297.8,118.76999999999998,41.72999999999996,1,1,1.0
128,6,361.64,269.7,116.74000000000001,44.74000000000001,1,1,1.0
128,7,833.7,220.2,79.75,62.579999999999984,1,1,1.0
128,3,210.26,252.04,94.26999999999998,40.400000000000006,1,1,1.0
129,4,13.2,310.74,473.39,221.65999999999997,1,1,1.0
129,5,81.35,298.87,120.92000000000002,42.44999999999999,1,1,1.0
129,6,345.98,270.5,117.81,45.68000000000001,1,1,1.0
129,7,827.63,220.47,80.90999999999997,63.21000000000001,1,1,1.0
129,3,210.26,251.81,94.26999999999998,40.44999999999999,1,1,1.0
130,4,6.6,313.95,463.39,221.66000000000003,1,1,1.0
130,5,62.78,299.93,123.05000000000001,43.170000000000016,1,1,1.0
130,6,330.31,271.31,118.88,46.60000000000002,1,1,1.0
130,7,821.56,220.73,82.07000000000005,63.84,1,1,1.0
130,3,210.26,251.58,94.26999999999998,40.49999999999997,1,1,1.0
131,4,0.0,317.17,453.38,221.66000000000003,1,1,1.0
131,5,44.2,301.0,125.2,43.889999999999986,1,1,1.0
131,6,314.65,272.11,119.95000000000005,47.539999999999964,1,1,1.0
131,7,815.49,221.0,83.24000000000001,64.45999999999998,1,1,1.0
131,3,210.26,251.34,94.26999999999998,40.559999999999974,1,1,1.0
132,4,0.0,320.26,433.87,218.70000000000005,1,1,1.0
132,5,27.1,301.0,126.20000000000002,47.10000000000002,1,1,1.0
132,6,298.99,272.91,121.00999999999999,48.47999999999996,1,1,1.0
132,7,809.42,221.27,84.40000000000009,65.08000000000001,1,1,1.0
132,3,210.26,251.11,94.26999999999998,40.610000000000014,1,1,1.0
133,4,0.0,323.36,415.55,215.73000000000002,1,1,1.0
133,5,5.0,302.1,133.84,47.06999999999999,1,1,1.0
133,6,283.33,273.72,122.08000000000004,49.40999999999997,1,1,1.0
133,7,803.35,221.53,85.55999999999995,65.72,1,1,1.0
133,3,210.26,250.88,94.26999999999998,40.660000000000025,1,1,1.0
134,4,0.0,326.45,397.24,212.77000000000004,1,1,1.0
134,5,0.0,303.14,124.38,47.110000000000014,1,1,1.0
134,6,267.66,274.52,123.14999999999998,50.34000000000003,1,1,1.0
134,7,797.28,221.8,86.72000000000003,66.33999999999997,1,1,1.0
134,3,210.26,250.65,94.26999999999998,40.70000000000002,1,1,0.0
135,4,0.0,329.54,378.92,209.81,1,1,1.0
135,5,0.0,303.68,102.94,47.099999999999966,1,1,1.0
135,6,252.0,275.32,124.22000000000003,51.28000000000003,1,1,1.0
135,7,789.21,222.23,88.07999999999993,66.54999999999998,1,1,1.0
135,3,210.3,253.9,94.22999999999996,40.70000000000002,1,1,0.0
136,4,0.0,332.64,360.61,206.84000000000003,1,1,1.0
136,5,0.0,304.21,81.5,47.110000000000014,1,1,1.0
136,6,235.12,276.26,125.43,52.079999999999984,1,1,1.0
136,7,781.14,222.65,89.43000000000006,66.77000000000001,1,1,1.0
136,3,210.3,253.88,94.22999999999996,40.69999999999999,1,1,0.0
137,4,0.0,335.73,342.29,203.88,1,1,1.0
137,5,0.0,304.21,62.2,47.110000000000014,1,1,1.0
137,6,218.25,277.2,126.63,52.879999999999995,1,1,1.0
137,7,773.07,223.08,90.78999999999996,66.98999999999998,1,1,1.0
137,3,210.29,253.86,94.23999999999998,40.69999999999999,1,1,0.0
138,4,0.0,338.83,323.98,200.91000000000003,1,1,1.0
138,6,201.38,278.14,127.84000000000003,53.670000000000016,1,1,1.0
138,7,765.0,223.51,92.14999999999998,67.19999999999999,1,1,1.0
138,8,710.51,506.66,128.54999999999995,33.339999999999975,1,1,1.0
138,3,210.29,253.84,94.23999999999998,40.70000000000002,1,1,0.0
139,4,0.0,341.92,305.66,197.95,1,1,1.0
139,6,184.5,279.07,129.05,54.48000000000002,1,1,1.0
139,7,756.93,223.93,93.5,67.42000000000002,1,1,1.0
139,8,719.35,500.77,129.89,39.23000000000002,1,1,1.0
139,3,210.29,253.82,94.23999999999998,40.69999999999999,1,1,0.0
140,4,0.0,345.02,287.35,194.98000000000002,1,1,1.0
140,6,167.62,280.01,130.26999999999998,55.28000000000003,1,1,1.0
140,7,748.86,224.36,94.86000000000001,67.63999999999999,1,1,1.0
140,8,728.19,494.88,131.2399999999999,45.120000000000005,1,1,1.0
140,3,210.28,253.8,94.24999999999997,40.70999999999998,1,1,0.0
141,4,0.0,349.48,264.85,190.51999999999998,1,1,1.0
141,6,150.75,280.95,131.47000000000003,56.079999999999984,1,1,1.0
141,7,740.79,224.79,96.22000000000003,67.85,1,1,1.0
141,8,737.03,488.99,132.58000000000004,51.00999999999999,1,1,1.0
141,3,210.28,253.78,94.24999999999997,40.71000000000001,1,1,0.0
142,4,0.0,353.94,242.36,186.06,1,1,1.0
142,6,133.88,281.88,132.67000000000002,56.879999999999995,1,1,1.0
142,7,732.72,225.21,97.56999999999994,68.06999999999996,1,1,1.0
142,8,745.86,483.1,133.93999999999994,56.89999999999998,1,1,1.0
142,3,210.27,253.76,94.25999999999996,40.710000000000036,1,1,0.0
143,4,0.0,358.41,219.86,181.58999999999997,1,1,1.0
143,6,117.0,282.82,133.89,57.68000000000001,1,1,1.0
143,7,724.65,225.64,98.93000000000006,68.28000000000003,1,1,1.0
143,8,755.72,477.96,131.36,62.04000000000002,1,1,1.0
143,3,210.27,253.8,94.25999999999996,40.69999999999999,1,1,0.0
144,4,0.0,362.87,197.37,177.13,1,1,1.0
144,6,98.97,284.07,134.96,58.20999999999998,1,1,1.0
144,7,716.58,226.07,100.28999999999996,68.5,1,1,1.0
144,8,765.57,472.82,128.78999999999996,67.18,1,1,1.0
144,3,210.27,255.44,94.25999999999996,40.69999999999999,1,1,0.0
145,4,0.0,367.33,174.87,172.67000000000002,1,1,1.0
145,6,80.93,285.32,136.03,58.75,1,1,1.0
145,7,708.51,226.49,101.63999999999999,68.71999999999997,1,1,1.0
145,8,775.43,467.68,126.21000000000004,72.32,1,1,1.0
145,3,210.26,254.93,94.26999999999998,40.70999999999998,1,1,1.0
146,6,62.9,286.57,137.1,59.28000000000003,1,1,1.0
146,7,700.44,226.92,103.0,68.93000000000004,1,1,1.0
146,8,785.28,462.54,123.63999999999999,77.45999999999998,1,1,1.0
146,3,210.26,254.93,94.26999999999998,40.70999999999998,1,1,1.0
147,6,44.87,287.82,138.17,59.81,1,1,1.0
147,7,692.37,227.35,104.36000000000001,69.14000000000001,1,1,1.0
147,8,795.14,457.4,121.06000000000006,78.32000000000005,1,1,1.0
147,3,210.26,254.96,94.26999999999998,40.71000000000001,1,1,1.0
148,6,26.83,289.07,139.25,60.35000000000002,1,1,1.0
148,7,684.3,227.77,105.71000000000004,69.36999999999998,1,1,1.0
148,8,803.56,453.11,118.90000000000009,83.09000000000003,1,1,1.0
148,3,210.26,254.99,94.26999999999998,40.69999999999999,1,1,1.0
149,6,8.8,290.32,140.32,60.879999999999995,1,1,1.0
149,7,676.23,228.2,107.06999999999994,69.57999999999998,1,1,1.0
149,8,811.97,448.83,116.74000000000001,81.57999999999998,1,1,1.0
149,3,210.26,255.02,94.26999999999998,40.70000000000002,1,1,1.0
150,6,0.0,291.39,136.27,60.879999999999995,1,1,1.0
150,7,666.9,228.66,108.44000000000005,69.42999999999998,1,1,1.0
150,8,820.39,444.54,114.58000000000004,80.07,1,1,1.0
150,3,210.26,255.04,94.26999999999998,40.71000000000001,1,1,1.0
151,6,0.0,292.46,117.52,60.879999999999995,1,1,1.0
151,7,657.57,229.11,109.81999999999994,69.27999999999997,1,1,1.0
151,8,828.81,440.26,112.42000000000007,78.56000000000006,1,1,1.0
151,3,210.26,255.07,94.26999999999998,40.70999999999998,1,1,1.0
152,6,0.0,293.53,98.78,60.88000000000005,1,1,1.0
152,7,648.23,229.57,111.19999999999993,69.13,1,1,1.0
152,8,837.22,435.97,110.26999999999998,77.05999999999995,1,1,1.0
152,3,210.26,255.1,94.26999999999998,40.70000000000002,1,1,1.0
153,6,0.0,296.75,82.7,60.879999999999995,1,1,1.0
153,7,638.9,230.03,112.57000000000005,68.97,1,1,1.0
153,8,845.64,431.69,108.10000000000002,75.54000000000002,1,1,1.0
153,3,210.26,255.12,94.26999999999998,40.70999999999998,1,1,1.0
154,6,0.0,296.75,61.8,60.879999999999995,1,1,1.0
154,7,629.56,230.49,113.95000000000005,68.82,1,1,1.0
154,8,854.05,427.4,105.95000000000005,74.04000000000002,1,1,1.0
154,3,210.26,255.15,94.26999999999998,40.71000000000001,1,1,1.0
155,7,620.23,230.94,115.32999999999993,68.68,1,1,1.0
155,8,861.12,423.76,98.88,72.75,1,1,1.0
155,3,210.26,255.18,94.26999999999998,40.70999999999998,1,1,1.0
156,7,610.89,231.4,116.71000000000004,68.52000000000001,1,1,1.0
156,8,868.19,420.12,91.80999999999995,71.45999999999998,1,1,1.0
156,3,210.26,255.21,94.26999999999998,40.70000000000002,1,1,1.0
157,7,599.93,231.84,118.30000000000007,69.03,1,1,1.0
157,8,875.26,416.48,84.74000000000001,70.18,1,1,1.0
157,3,210.26,255.23,94.26999999999998,40.71000000000001,1,1,1.0
158,7,588.96,232.28,119.90999999999997,69.53,1,1,1.0
158,8,882.33,412.84,77.66999999999996,68.89000000000004,1,1,1.0
158,3,210.26,255.26,94.26999999999998,40.710000000000036,1,1,1.0
159,7,578.0,232.72,121.5,70.03999999999999,1,1,1.0
159,8,889.4,409.2,70.60000000000002,67.60000000000002,1,1,1.0
159,3,210.26,255.29,94.26999999999998,40.71000000000001,1,1,1.0
160,7,567.04,233.16,123.09000000000003,70.53999999999999,1,1,1.0
160,8,895.3,405.73,64.70000000000005,65.97999999999996,1,1,1.0
160,3,210.26,255.32,94.26999999999998,40.69999999999999,1,1,1.0
161,7,556.07,233.61,124.69999999999993,71.03999999999996,1,1,1.0
161,8,901.19,402.25,58.809999999999945,64.37,1,1,1.0
161,3,210.26,255.34,94.26999999999998,40.71000000000001,1,1,1.0
162,7,545.11,234.05,126.28999999999996,71.53999999999996,1,1,1.0
162,8,907.08,398.78,52.91999999999996,62.76000000000005,1,1,1.0
162,3,210.26,255.37,94.26999999999998,40.70999999999998,1,1,1.0
163,7,534.14,234.49,126.78999999999996,72.05000000000001,1,1,1.0
163,8,912.97,395.3,47.02999999999997,61.14999999999998,1,1,1.0
163,3,210.26,255.4,94.26999999999998,40.71000000000001,1,1,1.0
164,7,523.18,234.93,127.2700000000001,72.55000000000001,1,1,1.0
164,8,918.33,392.09,41.66999999999996,61.14000000000004,1,1,1.0
164,3,210.26,255.43,94.26999999999998,40.69999999999999,1,1,1.0
165,7,512.22,235.37,127.75999999999999,73.06,1,1,1.0
165,3,210.26,255.45,94.26999999999998,40.710000000000036,1,1,1.0
166,7,501.25,235.81,128.26,73.56,1,1,1.0
166,3,210.26,255.48,94.26999999999998,40.71000000000001,1,1,1.0
167,7,490.29,236.25,128.74999999999994,74.07,1,1,1.0
167,3,210.26,255.51,94.26999999999998,40.710000000000036,1,1,1.0
168,7,479.32,236.69,129.23999999999995,74.57,1,1,1.0
168,3,210.26,255.54,94.26999999999998,40.70000000000002,1,1,1.0
169,7,468.36,237.14,129.73000000000002,75.07,1,1,1.0
169,3,210.26,255.56,94.26999999999998,40.70999999999998,1,1,1.0
170,7,457.4,237.58,130.22000000000003,75.58000000000001,1,1,1.0
170,3,210.26,255.59,94.26999999999998,40.71000000000001,1,1,1.0
171,7,446.43,238.02,130.71999999999997,76.08000000000001,1,1,1.0
171,3,210.26,255.62,94.26999999999998,40.69999999999999,1,1,1.0
172,7,435.47,238.46,131.19999999999993,76.59,1,1,1.0
172,3,210.26,255.65,94.26999999999998,40.70000000000002,1,1,1.0
173,7,424.5,238.9,131.70000000000005,77.09,1,1,1.0
173,3,210.26,255.67,94.26999999999998,40.71000000000001,1,1,1.0
174,7,413.1,239.34,132.44999999999993,77.66,1,1,1.0
174,3,210.26,255.7,94.26999999999998,40.710000000000036,1,1,1.0
175,7,401.69,239.78,133.21999999999997,78.22999999999999,1,1,1.0
175,3,210.26,255.73,94.26999999999998,40.70000000000002,1,1,1.0
176,7,390.29,240.22,133.96999999999997,78.79999999999998,1,1,1.0
176,3,210.26,255.76,94.26999999999998,40.69999999999999,1,1,1.0
177,7,378.88,240.66,134.73000000000002,79.35999999999999,1,1,1.0
177,3,210.26,255.78,94.26999999999998,40.71000000000001,1,1,1.0
178,7,367.48,241.11,135.47999999999996,79.91999999999996,1,1,1.0
178,3,210.26,255.81,94.26999999999998,40.70999999999998,1,1,1.0
179,7,356.07,241.55,136.25,80.49000000000001,1,1,1.0
179,3,210.26,255.84,94.26999999999998,40.70000000000002,1,1,1.0
180,7,344.67,241.99,137.0,81.06,1,1,1.0
180,3,210.26,255.87,94.26999999999998,40.69999999999999,1,1,1.0
181,7,333.26,242.43,137.76,81.63,1,1,1.0
181,3,210.26,255.89,94.26999999999998,40.710000000000036,1,1,1.0
182,7,321.86,242.87,138.51999999999998,82.19,1,1,1.0
182,3,210.26,255.92,94.26999999999998,40.71000000000001,1,1,1.0
183,7,310.45,243.31,139.28000000000003,82.75999999999999,1,1,1.0
183,3,210.26,255.95,94.26999999999998,40.69999999999999,1,1,1.0
184,7,299.05,243.75,140.02999999999997,83.32999999999998,1,1,1.0
184,3,210.26,255.98,94.26999999999998,40.70000000000002,1,1,1.0
185,7,287.64,244.19,140.8,83.89999999999998,1,1,1.0
185,3,210.26,256.0,94.26999999999998,40.70999999999998,1,1,0.0
186,7,276.24,244.64,141.55,84.46000000000004,1,1,1.0
186,3,210.26,256.0,94.26999999999998,40.70999999999998,1,1,0.0
187,7,264.83,245.08,142.31,85.03,1,1,1.0
187,3,210.26,256.0,94.26999999999998,40.70999999999998,1,1,0.0
188,7,253.43,245.52,143.06,85.59,1,1,1.0
188,3,210.26,256.0,94.26999999999998,40.70999999999998,1,1,0.0
189,7,242.02,245.96,143.83,86.16,1,1,1.0
189,3,210.26,256.0,94.26999999999998,40.70999999999998,1,1,0.0
190,7,230.62,246.4,144.57999999999998,86.72999999999999,1,1,1.0
190,3,210.26,256.0,94.26999999999998,40.70999999999998,1,1,0.0
